Frecuencia (Hz)	Nivel (dB)
93,750000	-18,765894
187,500000	-19,329233
281,250000	-19,539223
375,000000	-19,539055
468,750000	-19,436058
562,500000	-19,011143
656,250000	-17,950491
750,000000	-16,235668
843,750000	-16,046179
937,500000	-17,414904
1031,250000	-18,432646
1125,000000	-19,168327
1218,750000	-19,136971
1312,500000	-18,901548
1406,250000	-18,029957
1500,000000	-16,255997
1593,750000	-14,025386
1687,500000	-15,523498
1781,250000	-17,920864
1875,000000	-18,565552
1968,750000	-18,829510
2062,500000	-18,867126
2156,250000	-18,635754
2250,000000	-17,431767
2343,750000	-14,853919
2437,500000	-14,347004
2531,250000	-16,778128
2625,000000	-18,423626
2718,750000	-19,119387
2812,500000	-19,813358
2906,250000	-19,801140
3000,000000	-19,582670
3093,750000	-18,620277
3187,500000	-17,228735
3281,250000	-19,233706
3375,000000	-22,625887
3468,750000	-24,742460
3562,500000	-27,113840
3656,250000	-28,997351
3750,000000	-31,004944
3843,750000	-33,508579
3937,500000	-35,451824
4031,250000	-38,930058
4125,000000	-47,724979
4218,750000	-57,269722
4312,500000	-54,119526
4406,250000	-53,086685
4500,000000	-54,383160
4593,750000	-58,052391
4687,500000	-63,455620
4781,250000	-59,723446
4875,000000	-57,645515
4968,750000	-57,857738
5062,500000	-59,376457
5156,250000	-62,697937
5250,000000	-68,489594
5343,750000	-70,245598
5437,500000	-64,264931
5531,250000	-60,604046
5625,000000	-59,828003
5718,750000	-63,020252
5812,500000	-68,169548
5906,250000	-75,163300
6000,000000	-71,721527
6093,750000	-67,598831
6187,500000	-66,108047
6281,250000	-66,125336
6375,000000	-67,950195
6468,750000	-72,955879
6562,500000	-77,376305
6656,250000	-71,872665
6750,000000	-69,129143
6843,750000	-68,324783
6937,500000	-69,435715
7031,250000	-72,221367
7125,000000	-77,175751
7218,750000	-74,165886
7312,500000	-70,202545
7406,250000	-68,906914
7500,000000	-69,731583
7593,750000	-71,680275
7687,500000	-75,846291
7781,250000	-80,510063
7875,000000	-73,081085
7968,750000	-67,231117
8062,500000	-66,861603
8156,250000	-69,929619
8250,000000	-73,690788
8343,750000	-79,263184
8437,500000	-80,806046
8531,250000	-75,155258
8625,000000	-71,473091
8718,750000	-68,556938
8812,500000	-68,001450
8906,250000	-72,300652
9000,000000	-80,445755
9093,750000	-80,576370
9187,500000	-76,026070
9281,250000	-73,639175
9375,000000	-72,822296
9468,750000	-73,815247
9562,500000	-76,306465
9656,250000	-81,386726
9750,000000	-78,778198
9843,750000	-75,338516
9937,500000	-74,536873
10031,250000	-74,836693
10125,000000	-76,721046
10218,750000	-81,521194
10312,500000	-79,441864
10406,250000	-73,960144
10500,000000	-73,161507
10593,750000	-74,082550
10687,500000	-75,433098
10781,250000	-78,441841
10875,000000	-83,948853
10968,750000	-82,775620
11062,500000	-76,009384
11156,250000	-71,303032
11250,000000	-71,433777
11343,750000	-75,312447
11437,500000	-79,904648
11531,250000	-85,688835
11625,000000	-82,402969
11718,750000	-77,941772
11812,500000	-75,281212
11906,250000	-74,571793
12000,000000	-75,140831
12093,750000	-79,886391
12187,500000	-86,303566
12281,250000	-82,250481
12375,000000	-78,892548
12468,750000	-77,729752
12562,500000	-78,149254
12656,250000	-80,396141
12750,000000	-84,497375
12843,750000	-85,202156
12937,500000	-81,033012
13031,250000	-78,676598
13125,000000	-78,010521
13218,750000	-78,829674
13312,500000	-81,844009
13406,250000	-86,592522
13500,000000	-82,694427
13593,750000	-77,604927
13687,500000	-76,646889
13781,250000	-77,155197
13875,000000	-79,604401
13968,750000	-83,660095
14062,500000	-87,756088
14156,250000	-83,125290
14250,000000	-78,533539
14343,750000	-74,590347
14437,500000	-74,126579
14531,250000	-78,274261
14625,000000	-83,899811
14718,750000	-87,915070
14812,500000	-83,716507
14906,250000	-80,308861
15000,000000	-78,679665
15093,750000	-77,757019
15187,500000	-78,319046
15281,250000	-82,964622
15375,000000	-86,086121
15468,750000	-81,713486
15562,500000	-79,659660
15656,250000	-79,245148
15750,000000	-79,727417
15843,750000	-82,368317
15937,500000	-86,327988
16031,250000	-83,914864
16125,000000	-80,750198
16218,750000	-79,214981
16312,500000	-79,427422
16406,250000	-81,087715
16500,000000	-84,237633
16593,750000	-88,260269
16687,500000	-82,464363
16781,250000	-77,491806
16875,000000	-77,413887
16968,750000	-79,644913
17062,500000	-82,506752
17156,250000	-87,121254
17250,000000	-88,893501
17343,750000	-83,937996
17437,500000	-79,954056
17531,250000	-76,664734
17625,000000	-76,392769
17718,750000	-80,891197
17812,500000	-86,865379
17906,250000	-88,364799
18000,000000	-84,399628
18093,750000	-81,807724
18187,500000	-80,261337
18281,250000	-80,530785
18375,000000	-82,766220
18468,750000	-87,404541
18562,500000	-87,239555
18656,250000	-83,530655
18750,000000	-81,598419
18843,750000	-81,572517
18937,500000	-82,907166
19031,250000	-86,061684
19125,000000	-88,441399
19218,750000	-85,405830
19312,500000	-83,060349
19406,250000	-81,998558
19500,000000	-82,353386
19593,750000	-84,443565
19687,500000	-88,088440
19781,250000	-89,227837
19875,000000	-84,005981
19968,750000	-79,576317
20062,500000	-79,081261
20156,250000	-80,768082
20250,000000	-83,831612
20343,750000	-88,616760
20437,500000	-89,841393
20531,250000	-85,037712
20625,000000	-81,666718
20718,750000	-79,123680
20812,500000	-78,270874
20906,250000	-82,448891
21000,000000	-89,331474
21093,750000	-88,737732
21187,500000	-84,914619
21281,250000	-82,957672
21375,000000	-82,601692
21468,750000	-83,027321
21562,500000	-84,513908
21656,250000	-88,826973
21750,000000	-89,389656
21843,750000	-86,453857
21937,500000	-85,508286
22031,250000	-86,306763
22125,000000	-88,194633
22218,750000	-91,853218
22312,500000	-92,809059
22406,250000	-89,027466
22500,000000	-88,614738
22593,750000	-89,705055
22687,500000	-91,882973
22781,250000	-95,494392
22875,000000	-99,195999
22968,750000	-100,188309
23062,500000	-97,562614
23156,250000	-94,979927
23250,000000	-95,925087
23343,750000	-100,336594
23437,500000	-105,026031
23531,250000	-108,382500
23625,000000	-110,176277
23718,750000	-110,538399
23812,500000	-111,333824
23906,250000	-111,310036
24000,000000	-111,649391
24093,750000	-113,483704
24187,500000	-115,498528
24281,250000	-116,436790
24375,000000	-117,725571
24468,750000	-117,720383
24562,500000	-117,897728
24656,250000	-118,068146
24750,000000	-117,914207
24843,750000	-118,178970
24937,500000	-119,102570
25031,250000	-119,273834
25125,000000	-118,274605
25218,750000	-118,585793
25312,500000	-118,353111
25406,250000	-118,280685
25500,000000	-118,176277
25593,750000	-118,170380
25687,500000	-118,098427
25781,250000	-119,043579
25875,000000	-118,601799
25968,750000	-118,702438
26062,500000	-119,059334
26156,250000	-118,651115
26250,000000	-119,078346
26343,750000	-118,915215
26437,500000	-119,184471
26531,250000	-118,924767
26625,000000	-118,949585
26718,750000	-118,475426
26812,500000	-118,658951
26906,250000	-118,426384
27000,000000	-119,065498
27093,750000	-118,274551
27187,500000	-118,673416
27281,250000	-118,956642
27375,000000	-118,902954
27468,750000	-118,676140
27562,500000	-119,090561
27656,250000	-119,172913
27750,000000	-118,594727
27843,750000	-118,762779
27937,500000	-117,935631
28031,250000	-118,311310
28125,000000	-118,462776
28218,750000	-118,535828
28312,500000	-118,770561
28406,250000	-118,897446
28500,000000	-119,036308
28593,750000	-118,707138
28687,500000	-118,074944
28781,250000	-118,097229
28875,000000	-118,172798
28968,750000	-118,550346
29062,500000	-118,398453
29156,250000	-117,943459
29250,000000	-118,157166
29343,750000	-119,131477
29437,500000	-119,293076
29531,250000	-118,050217
29625,000000	-117,770836
29718,750000	-118,096428
29812,500000	-118,909721
29906,250000	-118,547363
30000,000000	-118,948593
30093,750000	-118,975952
30187,500000	-118,917328
30281,250000	-118,597275
30375,000000	-118,779388
30468,750000	-119,129738
30562,500000	-118,894272
30656,250000	-118,329880
30750,000000	-118,721336
30843,750000	-118,636330
30937,500000	-118,216454
31031,250000	-118,305931
31125,000000	-118,128433
31218,750000	-118,761261
31312,500000	-118,398041
31406,250000	-118,314148
31500,000000	-117,891060
31593,750000	-118,231621
31687,500000	-118,578545
31781,250000	-118,786995
31875,000000	-118,849411
31968,750000	-119,119492
32062,500000	-118,386856
32156,250000	-118,811119
32250,000000	-118,691734
32343,750000	-118,848305
32437,500000	-118,605774
32531,250000	-118,703056
32625,000000	-118,659981
32718,750000	-118,383224
32812,500000	-118,680367
32906,250000	-118,491974
33000,000000	-118,961807
33093,750000	-118,942368
33187,500000	-118,161537
33281,250000	-118,190834
33375,000000	-118,205421
33468,750000	-118,497841
33562,500000	-118,796120
33656,250000	-118,566101
33750,000000	-118,706810
33843,750000	-118,914627
33937,500000	-118,437416
34031,250000	-118,403923
34125,000000	-118,556458
34218,750000	-118,610878
34312,500000	-118,662628
34406,250000	-118,743279
34500,000000	-118,954460
34593,750000	-118,472832
34687,500000	-118,276489
34781,250000	-118,794922
34875,000000	-118,345680
34968,750000	-118,948181
35062,500000	-118,882484
35156,250000	-118,476669
35250,000000	-118,206963
35343,750000	-118,346298
35437,500000	-118,666855
35531,250000	-118,759193
35625,000000	-119,305878
35718,750000	-118,243378
35812,500000	-118,124985
35906,250000	-118,664986
36000,000000	-118,400925
36093,750000	-118,222931
36187,500000	-119,129913
36281,250000	-118,368248
36375,000000	-118,617737
36468,750000	-118,582748
36562,500000	-118,993835
36656,250000	-118,330650
36750,000000	-119,045639
36843,750000	-118,469566
36937,500000	-117,848618
37031,250000	-118,877914
37125,000000	-118,688904
37218,750000	-118,493965
37312,500000	-118,285202
37406,250000	-118,274818
37500,000000	-118,473747
37593,750000	-119,305016
37687,500000	-118,936394
37781,250000	-118,337013
37875,000000	-119,049446
37968,750000	-118,532944
38062,500000	-119,376633
38156,250000	-119,082626
38250,000000	-118,905182
38343,750000	-118,326614
38437,500000	-118,419151
38531,250000	-118,721527
38625,000000	-118,501686
38718,750000	-118,763023
38812,500000	-118,822380
38906,250000	-119,105515
39000,000000	-118,435242
39093,750000	-118,402481
39187,500000	-118,570274
39281,250000	-118,137833
39375,000000	-118,892723
39468,750000	-118,919052
39562,500000	-118,486198
39656,250000	-119,248169
39750,000000	-118,934860
39843,750000	-118,916962
39937,500000	-118,394089
40031,250000	-118,238831
40125,000000	-118,524727
40218,750000	-118,192276
40312,500000	-118,267715
40406,250000	-118,629837
40500,000000	-118,709389
40593,750000	-118,699318
40687,500000	-118,276573
40781,250000	-118,587112
40875,000000	-118,398499
40968,750000	-119,130676
41062,500000	-118,417625
41156,250000	-118,466560
41250,000000	-119,113037
41343,750000	-118,790253
41437,500000	-118,592255
41531,250000	-118,167816
41625,000000	-118,050743
41718,750000	-118,640289
41812,500000	-118,322311
41906,250000	-118,479225
42000,000000	-118,259621
42093,750000	-118,847733
42187,500000	-118,544449
42281,250000	-118,828568
42375,000000	-118,717346
42468,750000	-118,524437
42562,500000	-118,605095
42656,250000	-118,698143
42750,000000	-118,890121
42843,750000	-119,439575
42937,500000	-118,692543
43031,250000	-118,611710
43125,000000	-118,263023
43218,750000	-118,182587
43312,500000	-118,492294
43406,250000	-118,183327
43500,000000	-118,096703
43593,750000	-117,784012
43687,500000	-118,589752
43781,250000	-119,226372
43875,000000	-118,599922
43968,750000	-118,991852
44062,500000	-118,831589
44156,250000	-118,983589
44250,000000	-119,187172
44343,750000	-118,558319
44437,500000	-118,781174
44531,250000	-118,389793
44625,000000	-118,635559
44718,750000	-118,759727
44812,500000	-118,732109
44906,250000	-118,479446
45000,000000	-119,270363
45093,750000	-119,117592
45187,500000	-118,184776
45281,250000	-118,269714
45375,000000	-118,855469
45468,750000	-118,332932
45562,500000	-118,759491
45656,250000	-118,869904
45750,000000	-118,749680
45843,750000	-119,223999
45937,500000	-119,128494
46031,250000	-118,692566
46125,000000	-118,268944
46218,750000	-118,828476
46312,500000	-117,820763
46406,250000	-117,971527
46500,000000	-118,174110
46593,750000	-118,349289
46687,500000	-118,248482
46781,250000	-118,883522
46875,000000	-118,730659
46968,750000	-118,659767
47062,500000	-119,605171
47156,250000	-118,957314
47250,000000	-118,793877
47343,750000	-118,829895
47437,500000	-119,010643
47531,250000	-118,579704
47625,000000	-118,456871
47718,750000	-118,181625
47812,500000	-118,541367
47906,250000	-118,745056
